Step	E_el	E_frac	E_tot
0	0.000000e+00	0.000000e+00	0.000000e+00
1	3.530960e-09	0.000000e+00	3.530960e-09
2	1.412384e-08	0.000000e+00	1.412384e-08
3	3.177864e-08	0.000000e+00	3.177864e-08
4	5.649536e-08	0.000000e+00	5.649536e-08
5	8.827400e-08	0.000000e+00	8.827400e-08
6	1.271146e-07	0.000000e+00	1.271146e-07
7	1.730170e-07	0.000000e+00	1.730170e-07
8	2.259814e-07	0.000000e+00	2.259814e-07
9	2.860078e-07	0.000000e+00	2.860078e-07
10	3.530960e-07	0.000000e+00	3.530960e-07
11	4.272462e-07	0.000000e+00	4.272462e-07
12	5.084582e-07	0.000000e+00	5.084582e-07
13	5.967322e-07	0.000000e+00	5.967322e-07
14	6.920682e-07	0.000000e+00	6.920682e-07
15	7.944660e-07	0.000000e+00	7.944660e-07
16	9.039257e-07	0.000000e+00	9.039257e-07
17	1.020447e-06	0.000000e+00	1.020447e-06
18	1.144031e-06	0.000000e+00	1.144031e-06
19	1.274677e-06	0.000000e+00	1.274677e-06
20	1.412384e-06	0.000000e+00	1.412384e-06
21	1.557153e-06	0.000000e+00	1.557153e-06
22	1.708985e-06	0.000000e+00	1.708985e-06
23	1.867878e-06	0.000000e+00	1.867878e-06
24	2.033833e-06	0.000000e+00	2.033833e-06
25	2.206850e-06	0.000000e+00	2.206850e-06
26	2.386929e-06	0.000000e+00	2.386929e-06
27	2.574070e-06	0.000000e+00	2.574070e-06
28	2.768273e-06	0.000000e+00	2.768273e-06
29	2.969537e-06	0.000000e+00	2.969537e-06
30	3.177864e-06	0.000000e+00	3.177864e-06
31	3.393253e-06	0.000000e+00	3.393253e-06
32	3.615703e-06	0.000000e+00	3.615703e-06
33	3.845215e-06	0.000000e+00	3.845215e-06
34	4.081790e-06	0.000000e+00	4.081790e-06
35	4.325426e-06	0.000000e+00	4.325426e-06
36	4.576124e-06	0.000000e+00	4.576124e-06
37	4.833884e-06	0.000000e+00	4.833884e-06
38	5.098706e-06	0.000000e+00	5.098706e-06
39	5.370590e-06	0.000000e+00	5.370590e-06
40	5.649536e-06	0.000000e+00	5.649536e-06
41	5.935544e-06	0.000000e+00	5.935544e-06
42	6.228613e-06	0.000000e+00	6.228613e-06
43	6.528745e-06	0.000000e+00	6.528745e-06
44	6.835938e-06	0.000000e+00	6.835938e-06
45	7.150194e-06	0.000000e+00	7.150194e-06
46	7.471511e-06	0.000000e+00	7.471511e-06
47	7.799891e-06	0.000000e+00	7.799891e-06
48	8.135332e-06	0.000000e+00	8.135332e-06
49	8.477835e-06	0.000000e+00	8.477835e-06
50	8.827400e-06	0.000000e+00	8.827400e-06
51	9.184027e-06	0.000000e+00	9.184027e-06
52	9.547716e-06	0.000000e+00	9.547716e-06
53	9.918467e-06	0.000000e+00	9.918467e-06
54	1.029628e-05	0.000000e+00	1.029628e-05
55	1.068115e-05	0.000000e+00	1.068115e-05
56	1.107309e-05	0.000000e+00	1.107309e-05
57	1.147209e-05	0.000000e+00	1.147209e-05
58	1.187815e-05	0.000000e+00	1.187815e-05
59	1.229127e-05	0.000000e+00	1.229127e-05
60	1.271146e-05	0.000000e+00	1.271146e-05
61	1.313870e-05	0.000000e+00	1.313870e-05
62	1.357301e-05	0.000000e+00	1.357301e-05
63	1.401438e-05	0.000000e+00	1.401438e-05
64	1.446281e-05	0.000000e+00	1.446281e-05
65	1.491831e-05	0.000000e+00	1.491831e-05
66	1.538086e-05	0.000000e+00	1.538086e-05
67	1.585048e-05	0.000000e+00	1.585048e-05
68	1.632716e-05	0.000000e+00	1.632716e-05
69	1.681090e-05	0.000000e+00	1.681090e-05
70	1.730170e-05	0.000000e+00	1.730170e-05
71	1.779957e-05	0.000000e+00	1.779957e-05
72	1.830450e-05	0.000000e+00	1.830450e-05
73	1.881649e-05	0.000000e+00	1.881649e-05
74	1.933554e-05	0.000000e+00	1.933554e-05
75	1.986165e-05	0.000000e+00	1.986165e-05
76	2.039482e-05	0.000000e+00	2.039482e-05
77	2.093506e-05	0.000000e+00	2.093506e-05
78	2.148236e-05	0.000000e+00	2.148236e-05
79	2.203672e-05	0.000000e+00	2.203672e-05
80	2.259814e-05	0.000000e+00	2.259814e-05
81	2.316663e-05	0.000000e+00	2.316663e-05
82	2.374217e-05	0.000000e+00	2.374217e-05
83	2.432478e-05	0.000000e+00	2.432478e-05
84	2.491445e-05	0.000000e+00	2.491445e-05
85	2.551119e-05	0.000000e+00	2.551119e-05
86	2.611498e-05	0.000000e+00	2.611498e-05
87	2.672584e-05	0.000000e+00	2.672584e-05
88	2.734375e-05	0.000000e+00	2.734375e-05
89	2.796873e-05	0.000000e+00	2.796873e-05
90	2.860078e-05	0.000000e+00	2.860078e-05
91	2.923988e-05	0.000000e+00	2.923988e-05
92	2.988605e-05	0.000000e+00	2.988605e-05
93	3.053927e-05	0.000000e+00	3.053927e-05
94	3.119956e-05	0.000000e+00	3.119956e-05
95	3.186691e-05	0.000000e+00	3.186691e-05
96	3.254133e-05	0.000000e+00	3.254133e-05
97	3.322280e-05	0.000000e+00	3.322280e-05
98	3.391134e-05	0.000000e+00	3.391134e-05
99	3.460694e-05	0.000000e+00	3.460694e-05
100	3.530960e-05	0.000000e+00	3.530960e-05
101	3.601932e-05	0.000000e+00	3.601932e-05
102	3.673611e-05	0.000000e+00	3.673611e-05
103	3.745995e-05	0.000000e+00	3.745995e-05
104	3.819086e-05	0.000000e+00	3.819086e-05
105	3.892883e-05	0.000000e+00	3.892883e-05
106	3.967387e-05	0.000000e+00	3.967387e-05
107	4.042596e-05	0.000000e+00	4.042596e-05
108	4.118512e-05	0.000000e+00	4.118512e-05
109	4.195134e-05	0.000000e+00	4.195134e-05
110	4.272462e-05	0.000000e+00	4.272462e-05
111	4.350496e-05	0.000000e+00	4.350496e-05
112	4.429236e-05	0.000000e+00	4.429236e-05
113	4.508683e-05	0.000000e+00	4.508683e-05
114	4.588836e-05	0.000000e+00	4.588836e-05
115	4.669695e-05	0.000000e+00	4.669695e-05
116	4.751260e-05	0.000000e+00	4.751260e-05
117	4.833531e-05	0.000000e+00	4.833531e-05
118	4.916509e-05	0.000000e+00	4.916509e-05
119	5.000192e-05	0.000000e+00	5.000192e-05
120	5.084582e-05	0.000000e+00	5.084582e-05
121	5.169678e-05	0.000000e+00	5.169678e-05
122	5.255481e-05	0.000000e+00	5.255481e-05
123	5.341989e-05	0.000000e+00	5.341989e-05
124	5.429204e-05	0.000000e+00	5.429204e-05
125	5.517125e-05	0.000000e+00	5.517125e-05
126	5.605752e-05	0.000000e+00	5.605752e-05
127	5.695085e-05	0.000000e+00	5.695085e-05
128	5.785125e-05	0.000000e+00	5.785125e-05
129	5.875870e-05	0.000000e+00	5.875870e-05
130	5.967322e-05	0.000000e+00	5.967322e-05
131	6.059480e-05	0.000000e+00	6.059480e-05
132	6.152345e-05	0.000000e+00	6.152345e-05
133	6.245915e-05	0.000000e+00	6.245915e-05
134	6.340192e-05	0.000000e+00	6.340192e-05
135	6.435175e-05	0.000000e+00	6.435175e-05
136	6.530864e-05	0.000000e+00	6.530864e-05
137	6.627259e-05	0.000000e+00	6.627259e-05
138	6.724360e-05	0.000000e+00	6.724360e-05
139	6.822168e-05	0.000000e+00	6.822168e-05
140	6.920682e-05	0.000000e+00	6.920682e-05
141	7.019901e-05	0.000000e+00	7.019901e-05
142	7.119828e-05	0.000000e+00	7.119828e-05
143	7.220460e-05	0.000000e+00	7.220460e-05
144	7.321799e-05	0.000000e+00	7.321799e-05
145	7.423843e-05	0.000000e+00	7.423843e-05
146	7.526594e-05	0.000000e+00	7.526594e-05
147	7.630051e-05	0.000000e+00	7.630051e-05
148	7.734215e-05	0.000000e+00	7.734215e-05
149	7.839084e-05	0.000000e+00	7.839084e-05
150	7.944660e-05	0.000000e+00	7.944660e-05
151	8.050942e-05	0.000000e+00	8.050942e-05
152	8.157930e-05	0.000000e+00	8.157930e-05
153	8.265624e-05	0.000000e+00	8.265624e-05
154	8.374025e-05	0.000000e+00	8.374025e-05
155	8.483131e-05	0.000000e+00	8.483131e-05
156	8.592944e-05	0.000000e+00	8.592944e-05
157	8.703463e-05	0.000000e+00	8.703463e-05
158	8.814688e-05	0.000000e+00	8.814688e-05
159	8.926620e-05	0.000000e+00	8.926620e-05
160	9.039257e-05	0.000000e+00	9.039257e-05
161	9.152601e-05	0.000000e+00	9.152601e-05
162	9.266651e-05	0.000000e+00	9.266651e-05
163	9.381408e-05	0.000000e+00	9.381408e-05
164	9.495741e-05	1.597774e-09	9.495901e-05
165	9.610095e-05	1.343526e-08	9.611438e-05
166	9.726615e-05	4.353286e-08	9.730968e-05
167	9.842741e-05	1.060718e-07	9.853348e-05
168	9.964224e-05	2.429621e-07	9.988521e-05
169	1.008848e-04	5.613352e-07	1.014461e-04
170	1.019229e-04	1.246598e-06	1.031695e-04
171	1.030328e-04	2.870816e-06	1.059036e-04
172	1.039194e-04	6.370525e-06	1.102899e-04
173	1.033888e-04	1.383838e-05	1.172272e-04
174	1.014229e-04	2.613583e-05	1.275587e-04
175	1.559058e-01	3.728865e-05	1.559431e-01
176	7.417084e+00	4.909026e-05	7.417134e+00
177	1.629662e+01	6.211209e-05	1.629669e+01
178	2.341170e+01	7.703234e-05	2.341178e+01
179	3.062222e+01	9.270925e-05	3.062231e+01
180	3.908773e+01	1.074592e-04	3.908784e+01
181	4.534291e+01	1.238478e-04	4.534303e+01
182	5.159740e+01	1.386914e-04	5.159754e+01
183	5.477107e+01	1.497030e-04	5.477122e+01
184	6.260240e+01	1.600758e-04	6.260256e+01
185	6.557613e+01	1.708743e-04	6.557630e+01
186	6.748488e+01	1.831314e-04	6.748506e+01
187	7.029829e+01	1.947208e-04	7.029849e+01
188	7.269168e+01	1.986419e-04	7.269188e+01
189	7.851648e+01	2.039024e-04	7.851668e+01
190	7.958445e+01	2.084765e-04	7.958466e+01
191	8.100819e+01	2.173613e-04	8.100841e+01
192	8.190434e+01	2.232217e-04	8.190457e+01
193	8.471072e+01	2.239656e-04	8.471095e+01
194	8.725062e+01	2.261777e-04	8.725085e+01
195	8.815325e+01	2.293179e-04	8.815348e+01
196	8.911479e+01	2.330225e-04	8.911502e+01
197	9.062461e+01	2.363367e-04	9.062485e+01
198	9.159621e+01	2.366562e-04	9.159644e+01
199	9.317528e+01	2.373792e-04	9.317552e+01
200	9.411492e+01	2.393454e-04	9.411516e+01
