Step	E_el	E_frac	E_tot
0	0.000000e+00	0.000000e+00	0.000000e+00
1	7.350468e-09	0.000000e+00	7.350468e-09
2	2.940187e-08	0.000000e+00	2.940187e-08
3	6.615422e-08	0.000000e+00	6.615422e-08
4	1.176075e-07	0.000000e+00	1.176075e-07
5	1.837617e-07	0.000000e+00	1.837617e-07
6	2.646169e-07	0.000000e+00	2.646169e-07
7	3.601730e-07	0.000000e+00	3.601730e-07
8	4.704300e-07	0.000000e+00	4.704300e-07
9	5.953879e-07	0.000000e+00	5.953879e-07
10	7.350468e-07	0.000000e+00	7.350468e-07
11	8.894067e-07	0.000000e+00	8.894067e-07
12	1.058467e-06	0.000000e+00	1.058467e-06
13	1.242229e-06	0.000000e+00	1.242229e-06
14	1.440692e-06	0.000000e+00	1.440692e-06
15	1.653855e-06	0.000000e+00	1.653855e-06
16	1.881720e-06	0.000000e+00	1.881720e-06
17	2.124285e-06	0.000000e+00	2.124285e-06
18	2.381552e-06	0.000000e+00	2.381552e-06
19	2.653519e-06	0.000000e+00	2.653519e-06
20	2.940187e-06	0.000000e+00	2.940187e-06
21	3.241557e-06	0.000000e+00	3.241557e-06
22	3.557627e-06	0.000000e+00	3.557627e-06
23	3.888398e-06	0.000000e+00	3.888398e-06
24	4.233870e-06	0.000000e+00	4.233870e-06
25	4.594043e-06	0.000000e+00	4.594043e-06
26	4.968917e-06	0.000000e+00	4.968917e-06
27	5.358491e-06	0.000000e+00	5.358491e-06
28	5.762767e-06	0.000000e+00	5.762767e-06
29	6.181744e-06	0.000000e+00	6.181744e-06
30	6.615422e-06	0.000000e+00	6.615422e-06
31	7.063800e-06	0.000000e+00	7.063800e-06
32	7.526880e-06	0.000000e+00	7.526880e-06
33	8.004660e-06	0.000000e+00	8.004660e-06
34	8.497142e-06	0.000000e+00	8.497142e-06
35	9.004324e-06	0.000000e+00	9.004324e-06
36	9.526207e-06	0.000000e+00	9.526207e-06
37	1.006279e-05	0.000000e+00	1.006279e-05
38	1.061408e-05	0.000000e+00	1.061408e-05
39	1.118006e-05	0.000000e+00	1.118006e-05
40	1.176075e-05	0.000000e+00	1.176075e-05
41	1.235614e-05	0.000000e+00	1.235614e-05
42	1.296623e-05	0.000000e+00	1.296623e-05
43	1.359102e-05	0.000000e+00	1.359102e-05
44	1.423051e-05	0.000000e+00	1.423051e-05
45	1.488470e-05	0.000000e+00	1.488470e-05
46	1.555359e-05	0.000000e+00	1.555359e-05
47	1.623718e-05	0.000000e+00	1.623718e-05
48	1.693548e-05	0.000000e+00	1.693548e-05
49	1.764847e-05	0.000000e+00	1.764847e-05
50	1.837617e-05	0.000000e+00	1.837617e-05
51	1.911857e-05	0.000000e+00	1.911857e-05
52	1.987567e-05	0.000000e+00	1.987567e-05
53	2.064747e-05	0.000000e+00	2.064747e-05
54	2.143397e-05	0.000000e+00	2.143397e-05
55	2.223517e-05	0.000000e+00	2.223517e-05
56	2.305107e-05	0.000000e+00	2.305107e-05
57	2.388167e-05	0.000000e+00	2.388167e-05
58	2.472698e-05	0.000000e+00	2.472698e-05
59	2.558698e-05	0.000000e+00	2.558698e-05
60	2.646169e-05	0.000000e+00	2.646169e-05
61	2.735109e-05	0.000000e+00	2.735109e-05
62	2.825520e-05	0.000000e+00	2.825520e-05
63	2.917401e-05	0.000000e+00	2.917401e-05
64	3.010752e-05	0.000000e+00	3.010752e-05
65	3.105573e-05	0.000000e+00	3.105573e-05
66	3.201864e-05	0.000000e+00	3.201864e-05
67	3.299625e-05	0.000000e+00	3.299625e-05
68	3.398857e-05	0.000000e+00	3.398857e-05
69	3.499558e-05	0.000000e+00	3.499558e-05
70	3.601730e-05	0.000000e+00	3.601730e-05
71	3.705371e-05	0.000000e+00	3.705371e-05
72	3.810483e-05	0.000000e+00	3.810483e-05
73	3.917065e-05	0.000000e+00	3.917065e-05
74	4.025117e-05	0.000000e+00	4.025117e-05
75	4.134638e-05	0.000000e+00	4.134638e-05
76	4.245631e-05	0.000000e+00	4.245631e-05
77	4.358093e-05	0.000000e+00	4.358093e-05
78	4.472025e-05	0.000000e+00	4.472025e-05
79	4.587427e-05	0.000000e+00	4.587427e-05
80	4.704300e-05	0.000000e+00	4.704300e-05
81	4.822642e-05	0.000000e+00	4.822642e-05
82	4.942455e-05	0.000000e+00	4.942455e-05
83	5.063738e-05	0.000000e+00	5.063738e-05
84	5.186491e-05	0.000000e+00	5.186491e-05
85	5.310713e-05	0.000000e+00	5.310713e-05
86	5.436406e-05	0.000000e+00	5.436406e-05
87	5.563570e-05	0.000000e+00	5.563570e-05
88	5.692203e-05	0.000000e+00	5.692203e-05
89	5.822306e-05	0.000000e+00	5.822306e-05
90	5.953879e-05	0.000000e+00	5.953879e-05
91	6.086923e-05	0.000000e+00	6.086923e-05
92	6.221436e-05	0.000000e+00	6.221436e-05
93	6.357420e-05	0.000000e+00	6.357420e-05
94	6.494874e-05	0.000000e+00	6.494874e-05
95	6.633798e-05	0.000000e+00	6.633798e-05
96	6.774192e-05	0.000000e+00	6.774192e-05
97	6.916056e-05	0.000000e+00	6.916056e-05
98	7.059390e-05	0.000000e+00	7.059390e-05
99	7.204194e-05	0.000000e+00	7.204194e-05
100	7.350468e-05	0.000000e+00	7.350468e-05
101	7.498213e-05	0.000000e+00	7.498213e-05
102	7.647427e-05	0.000000e+00	7.647427e-05
103	7.798112e-05	0.000000e+00	7.798112e-05
104	7.950267e-05	0.000000e+00	7.950267e-05
105	8.103891e-05	0.000000e+00	8.103891e-05
106	8.258986e-05	0.000000e+00	8.258986e-05
107	8.415551e-05	0.000000e+00	8.415551e-05
108	8.573586e-05	0.000000e+00	8.573586e-05
109	8.733092e-05	0.000000e+00	8.733092e-05
110	8.894067e-05	0.000000e+00	8.894067e-05
111	9.056512e-05	0.000000e+00	9.056512e-05
112	9.220428e-05	0.000000e+00	9.220428e-05
113	9.385813e-05	0.000000e+00	9.385813e-05
114	9.552669e-05	0.000000e+00	9.552669e-05
115	9.718600e-05	5.101192e-09	9.719110e-05
116	9.884014e-05	3.235483e-08	9.887250e-05
117	1.005496e-04	1.115995e-07	1.006612e-04
118	1.023156e-04	2.612346e-07	1.025768e-04
119	1.041750e-04	5.447994e-07	1.047198e-04
120	1.061632e-04	1.035461e-06	1.071986e-04
121	1.083754e-04	1.902983e-06	1.102784e-04
122	1.110368e-04	3.335352e-06	1.143721e-04
123	1.148486e-04	5.572600e-06	1.204212e-04
124	1.210674e-04	8.676518e-06	1.297439e-04
125	2.827336e-04	1.312006e-05	2.958536e-04
126	1.068157e-01	1.958743e-05	1.068353e-01
127	4.638864e-01	2.863016e-05	4.639150e-01
128	1.204205e+00	4.087711e-05	1.204246e+00
129	2.553878e+00	5.674961e-05	2.553935e+00
130	4.585630e+00	7.729641e-05	4.585708e+00
131	7.259771e+00	1.034263e-04	7.259874e+00
132	1.069705e+01	1.386180e-04	1.069719e+01
133	1.537465e+01	2.008565e-04	1.537485e+01
134	1.983876e+01	2.776865e-04	1.983904e+01
135	2.738598e+01	3.374807e-04	2.738632e+01
136	6.132953e+01	3.701439e-04	6.132990e+01
137	7.356914e+01	3.885574e-04	7.356953e+01
138	8.302837e+01	3.979614e-04	8.302876e+01
139	8.966923e+01	4.053466e-04	8.966964e+01
140	9.376127e+01	4.080755e-04	9.376168e+01
141	9.791793e+01	4.134999e-04	9.791834e+01
142	9.931542e+01	4.196815e-04	9.931584e+01
143	1.014490e+02	4.292894e-04	1.014494e+02
144	1.037034e+02	4.376893e-04	1.037038e+02
145	1.082192e+02	4.400264e-04	1.082196e+02
146	1.131598e+02	4.437120e-04	1.131603e+02
147	1.147241e+02	4.483677e-04	1.147245e+02
148	1.165923e+02	4.564431e-04	1.165927e+02
149	1.187434e+02	4.663871e-04	1.187439e+02
150	1.217687e+02	4.743767e-04	1.217692e+02
151	1.258388e+02	4.819631e-04	1.258392e+02
152	1.290963e+02	4.880554e-04	1.290968e+02
153	1.314871e+02	4.934200e-04	1.314876e+02
154	1.343801e+02	4.956126e-04	1.343806e+02
155	1.384225e+02	4.983084e-04	1.384230e+02
156	1.402289e+02	5.025340e-04	1.402294e+02
157	1.420340e+02	5.038453e-04	1.420345e+02
158	1.446443e+02	5.086631e-04	1.446448e+02
159	1.464810e+02	5.179352e-04	1.464816e+02
160	1.483623e+02	5.245869e-04	1.483628e+02
161	1.516157e+02	5.323274e-04	1.516162e+02
162	1.545425e+02	5.412585e-04	1.545430e+02
163	1.576987e+02	5.454219e-04	1.576992e+02
164	1.610740e+02	5.558582e-04	1.610745e+02
165	1.631189e+02	5.687309e-04	1.631195e+02
166	1.664517e+02	5.709864e-04	1.664523e+02
167	1.718027e+02	5.759459e-04	1.718033e+02
168	1.738664e+02	5.848127e-04	1.738670e+02
169	1.764078e+02	5.896838e-04	1.764084e+02
170	1.806287e+02	5.934051e-04	1.806293e+02
171	1.831727e+02	5.974513e-04	1.831733e+02
172	1.856534e+02	5.979946e-04	1.856540e+02
173	1.887145e+02	5.991576e-04	1.887151e+02
174	1.909024e+02	6.031745e-04	1.909030e+02
175	1.931030e+02	6.046926e-04	1.931036e+02
176	1.968608e+02	6.049524e-04	1.968614e+02
177	1.991115e+02	6.063563e-04	1.991121e+02
178	2.013677e+02	6.106223e-04	2.013683e+02
179	2.036366e+02	6.131148e-04	2.036372e+02
180	2.067449e+02	6.163622e-04	2.067455e+02
181	2.090586e+02	6.191454e-04	2.090592e+02
182	2.116324e+02	6.208707e-04	2.116331e+02
183	2.145497e+02	6.282590e-04	2.145503e+02
184	2.169009e+02	6.369885e-04	2.169016e+02
185	2.200632e+02	6.399242e-04	2.200638e+02
186	2.237037e+02	6.404239e-04	2.237044e+02
187	2.269398e+02	6.429831e-04	2.269404e+02
188	2.293734e+02	6.503908e-04	2.293741e+02
189	2.318200e+02	6.538546e-04	2.318207e+02
190	2.355306e+02	6.563330e-04	2.355312e+02
191	2.381365e+02	6.626832e-04	2.381372e+02
192	2.406367e+02	6.714238e-04	2.406374e+02
193	2.438138e+02	6.760196e-04	2.438145e+02
194	2.480736e+02	6.785478e-04	2.480743e+02
195	2.513007e+02	6.791945e-04	2.513014e+02
196	2.545550e+02	6.816022e-04	2.545557e+02
197	2.571700e+02	6.817242e-04	2.571706e+02
198	2.607308e+02	6.817238e-04	2.607315e+02
199	2.633711e+02	6.817357e-04	2.633718e+02
200	2.660247e+02	6.818599e-04	2.660254e+02
