Step	E_el	E_frac	E_tot
0	0.000000e+00	0.000000e+00	0.000000e+00
1	8.000887e-09	0.000000e+00	8.000887e-09
2	3.200355e-08	0.000000e+00	3.200355e-08
3	7.200798e-08	0.000000e+00	7.200798e-08
4	1.280142e-07	0.000000e+00	1.280142e-07
5	2.000222e-07	0.000000e+00	2.000222e-07
6	2.880319e-07	0.000000e+00	2.880319e-07
7	3.920435e-07	0.000000e+00	3.920435e-07
8	5.120568e-07	0.000000e+00	5.120568e-07
9	6.480718e-07	0.000000e+00	6.480718e-07
10	8.000887e-07	0.000000e+00	8.000887e-07
11	9.681073e-07	0.000000e+00	9.681073e-07
12	1.152128e-06	0.000000e+00	1.152128e-06
13	1.352150e-06	0.000000e+00	1.352150e-06
14	1.568174e-06	0.000000e+00	1.568174e-06
15	1.800200e-06	0.000000e+00	1.800200e-06
16	2.048227e-06	0.000000e+00	2.048227e-06
17	2.312256e-06	0.000000e+00	2.312256e-06
18	2.592287e-06	0.000000e+00	2.592287e-06
19	2.888320e-06	0.000000e+00	2.888320e-06
20	3.200355e-06	0.000000e+00	3.200355e-06
21	3.528391e-06	0.000000e+00	3.528391e-06
22	3.872429e-06	0.000000e+00	3.872429e-06
23	4.232469e-06	0.000000e+00	4.232469e-06
24	4.608511e-06	0.000000e+00	4.608511e-06
25	5.000554e-06	0.000000e+00	5.000554e-06
26	5.408600e-06	0.000000e+00	5.408600e-06
27	5.832647e-06	0.000000e+00	5.832647e-06
28	6.272695e-06	0.000000e+00	6.272695e-06
29	6.728746e-06	0.000000e+00	6.728746e-06
30	7.200798e-06	0.000000e+00	7.200798e-06
31	7.688852e-06	0.000000e+00	7.688852e-06
32	8.192908e-06	0.000000e+00	8.192908e-06
33	8.712966e-06	0.000000e+00	8.712966e-06
34	9.249025e-06	0.000000e+00	9.249025e-06
35	9.801086e-06	0.000000e+00	9.801086e-06
36	1.036915e-05	0.000000e+00	1.036915e-05
37	1.095321e-05	0.000000e+00	1.095321e-05
38	1.155328e-05	0.000000e+00	1.155328e-05
39	1.216935e-05	0.000000e+00	1.216935e-05
40	1.280142e-05	0.000000e+00	1.280142e-05
41	1.344949e-05	0.000000e+00	1.344949e-05
42	1.411356e-05	0.000000e+00	1.411356e-05
43	1.479364e-05	0.000000e+00	1.479364e-05
44	1.548972e-05	0.000000e+00	1.548972e-05
45	1.620180e-05	0.000000e+00	1.620180e-05
46	1.692988e-05	0.000000e+00	1.692988e-05
47	1.767396e-05	0.000000e+00	1.767396e-05
48	1.843404e-05	0.000000e+00	1.843404e-05
49	1.921013e-05	0.000000e+00	1.921013e-05
50	2.000222e-05	0.000000e+00	2.000222e-05
51	2.081031e-05	0.000000e+00	2.081031e-05
52	2.163440e-05	0.000000e+00	2.163440e-05
53	2.247449e-05	0.000000e+00	2.247449e-05
54	2.333059e-05	0.000000e+00	2.333059e-05
55	2.420268e-05	0.000000e+00	2.420268e-05
56	2.509078e-05	0.000000e+00	2.509078e-05
57	2.599488e-05	0.000000e+00	2.599488e-05
58	2.691498e-05	0.000000e+00	2.691498e-05
59	2.785109e-05	0.000000e+00	2.785109e-05
60	2.880319e-05	0.000000e+00	2.880319e-05
61	2.977130e-05	0.000000e+00	2.977130e-05
62	3.075541e-05	0.000000e+00	3.075541e-05
63	3.175552e-05	0.000000e+00	3.175552e-05
64	3.277163e-05	0.000000e+00	3.277163e-05
65	3.380375e-05	0.000000e+00	3.380375e-05
66	3.485186e-05	0.000000e+00	3.485186e-05
67	3.591598e-05	0.000000e+00	3.591598e-05
68	3.699610e-05	0.000000e+00	3.699610e-05
69	3.809222e-05	0.000000e+00	3.809222e-05
70	3.920435e-05	0.000000e+00	3.920435e-05
71	4.033247e-05	0.000000e+00	4.033247e-05
72	4.147660e-05	0.000000e+00	4.147660e-05
73	4.263673e-05	0.000000e+00	4.263673e-05
74	4.381286e-05	0.000000e+00	4.381286e-05
75	4.500499e-05	0.000000e+00	4.500499e-05
76	4.621312e-05	0.000000e+00	4.621312e-05
77	4.743726e-05	0.000000e+00	4.743726e-05
78	4.867740e-05	0.000000e+00	4.867740e-05
79	4.993354e-05	0.000000e+00	4.993354e-05
80	5.120568e-05	0.000000e+00	5.120568e-05
81	5.249382e-05	0.000000e+00	5.249382e-05
82	5.379796e-05	0.000000e+00	5.379796e-05
83	5.511811e-05	0.000000e+00	5.511811e-05
84	5.645426e-05	0.000000e+00	5.645426e-05
85	5.780641e-05	0.000000e+00	5.780641e-05
86	5.917456e-05	0.000000e+00	5.917456e-05
87	6.055871e-05	0.000000e+00	6.055871e-05
88	6.195887e-05	0.000000e+00	6.195887e-05
89	6.337503e-05	0.000000e+00	6.337503e-05
90	6.480718e-05	0.000000e+00	6.480718e-05
91	6.622682e-05	7.877144e-09	6.623470e-05
92	6.763613e-05	4.105483e-08	6.767718e-05
93	6.909924e-05	1.430568e-07	6.924230e-05
94	7.061027e-05	3.615979e-07	7.097187e-05
95	7.220636e-05	7.798934e-07	7.298626e-05
96	7.399001e-05	1.574886e-06	7.556490e-05
97	7.624362e-05	2.936907e-06	7.918053e-05
98	7.964239e-05	5.042584e-06	8.468497e-05
99	8.517873e-05	8.220738e-06	9.339947e-05
100	9.060169e-02	1.313821e-05	9.061483e-02
101	5.590768e-01	2.021761e-05	5.590970e-01
102	1.777940e+00	3.001619e-05	1.777970e+00
103	3.846630e+00	4.271336e-05	3.846673e+00
104	6.869870e+00	5.730761e-05	6.869927e+00
105	1.120945e+01	7.242328e-05	1.120952e+01
106	1.739348e+01	8.870027e-05	1.739357e+01
107	2.382264e+01	1.059022e-04	2.382274e+01
108	3.009875e+01	1.218753e-04	3.009887e+01
109	3.597822e+01	1.356283e-04	3.597835e+01
110	4.184155e+01	1.520076e-04	4.184170e+01
111	4.536451e+01	1.678519e-04	4.536468e+01
112	4.976711e+01	1.773273e-04	4.976729e+01
113	5.472886e+01	1.878690e-04	5.472904e+01
114	5.688413e+01	1.977953e-04	5.688433e+01
115	6.052700e+01	2.096826e-04	6.052721e+01
116	6.314937e+01	2.179677e-04	6.314959e+01
117	6.751426e+01	2.253804e-04	6.751448e+01
118	6.879926e+01	2.322505e-04	6.879949e+01
119	7.087681e+01	2.374196e-04	7.087705e+01
120	7.304571e+01	2.423331e-04	7.304595e+01
121	7.428834e+01	2.444245e-04	7.428859e+01
122	7.617886e+01	2.474752e-04	7.617911e+01
123	7.746701e+01	2.488949e-04	7.746726e+01
124	7.891428e+01	2.500401e-04	7.891453e+01
125	8.019957e+01	2.525077e-04	8.019982e+01
126	8.149021e+01	2.578157e-04	8.149047e+01
127	8.279198e+01	2.673062e-04	8.279225e+01
128	8.415554e+01	2.807429e-04	8.415582e+01
129	8.562619e+01	2.905260e-04	8.562648e+01
130	9.031406e+01	3.011268e-04	9.031437e+01
131	9.286708e+01	3.105407e-04	9.286739e+01
132	9.613997e+01	3.168368e-04	9.614029e+01
133	9.841510e+01	3.234703e-04	9.841542e+01
134	1.000094e+02	3.316068e-04	1.000097e+02
135	1.015237e+02	3.368552e-04	1.015240e+02
136	1.040504e+02	3.419325e-04	1.040507e+02
137	1.056542e+02	3.480595e-04	1.056546e+02
138	1.072067e+02	3.535359e-04	1.072071e+02
139	1.088507e+02	3.591074e-04	1.088511e+02
140	1.105469e+02	3.658332e-04	1.105473e+02
141	1.121535e+02	3.735458e-04	1.121538e+02
142	1.137735e+02	3.833060e-04	1.137739e+02
143	1.153980e+02	3.948626e-04	1.153984e+02
144	1.171243e+02	4.137631e-04	1.171247e+02
145	1.187609e+02	4.457610e-04	1.187614e+02
146	1.204101e+02	5.065355e-04	1.204106e+02
147	1.220668e+02	6.867768e-04	1.220675e+02
148	1.237558e+02	1.013169e-03	1.237568e+02
149	1.337202e+02	1.125727e-03	1.337213e+02
150	1.526545e+02	1.185711e-03	1.526557e+02
151	1.662795e+02	1.219017e-03	1.662807e+02
152	1.726572e+02	1.251057e-03	1.726585e+02
153	1.772137e+02	1.269959e-03	1.772149e+02
154	1.826871e+02	1.274820e-03	1.826884e+02
155	1.865620e+02	1.276905e-03	1.865633e+02
156	1.892514e+02	1.281395e-03	1.892527e+02
157	1.917258e+02	1.284726e-03	1.917271e+02
158	1.943515e+02	1.284794e-03	1.943528e+02
159	1.972811e+02	1.284794e-03	1.972824e+02
160	1.997704e+02	1.284794e-03	1.997717e+02
161	2.022754e+02	1.284794e-03	2.022767e+02
162	2.047959e+02	1.284794e-03	2.047972e+02
163	2.073321e+02	1.284794e-03	2.073334e+02
164	2.098838e+02	1.284794e-03	2.098851e+02
165	2.124512e+02	1.284794e-03	2.124525e+02
166	2.150342e+02	1.284794e-03	2.150354e+02
167	2.176327e+02	1.284794e-03	2.176340e+02
168	2.202469e+02	1.284810e-03	2.202482e+02
169	2.228767e+02	1.284906e-03	2.228780e+02
170	2.255221e+02	1.285274e-03	2.255234e+02
171	2.281831e+02	1.286430e-03	2.281844e+02
172	2.308597e+02	1.288218e-03	2.308610e+02
173	2.335520e+02	1.288517e-03	2.335533e+02
174	2.363411e+02	1.288517e-03	2.363424e+02
175	2.390655e+02	1.288517e-03	2.390668e+02
176	2.418055e+02	1.288517e-03	2.418068e+02
177	2.445611e+02	1.288517e-03	2.445624e+02
178	2.473323e+02	1.288517e-03	2.473336e+02
179	2.501191e+02	1.288517e-03	2.501204e+02
180	2.529216e+02	1.288517e-03	2.529228e+02
181	2.557396e+02	1.288517e-03	2.557409e+02
182	2.585733e+02	1.288517e-03	2.585745e+02
183	2.614225e+02	1.288517e-03	2.614238e+02
184	2.642874e+02	1.288517e-03	2.642887e+02
185	2.671679e+02	1.288517e-03	2.671692e+02
186	2.700640e+02	1.288517e-03	2.700653e+02
187	2.729757e+02	1.288517e-03	2.729770e+02
188	2.759031e+02	1.288517e-03	2.759044e+02
189	2.788460e+02	1.288517e-03	2.788473e+02
190	2.818046e+02	1.288517e-03	2.818059e+02
191	2.847787e+02	1.288517e-03	2.847800e+02
192	2.877685e+02	1.288517e-03	2.877698e+02
193	2.907739e+02	1.288517e-03	2.907752e+02
194	2.937949e+02	1.288517e-03	2.937962e+02
195	2.968315e+02	1.288517e-03	2.968328e+02
196	2.998838e+02	1.288517e-03	2.998851e+02
197	3.029516e+02	1.288517e-03	3.029529e+02
198	3.060351e+02	1.288517e-03	3.060364e+02
199	3.091341e+02	1.288517e-03	3.091354e+02
200	3.122488e+02	1.288517e-03	3.122501e+02
