Step	E_el	E_frac	E_tot
0	0.000000e+00	0.000000e+00	0.000000e+00
1	8.069558e-09	0.000000e+00	8.069558e-09
2	3.227823e-08	0.000000e+00	3.227823e-08
3	7.262602e-08	0.000000e+00	7.262602e-08
4	1.291129e-07	0.000000e+00	1.291129e-07
5	2.017389e-07	0.000000e+00	2.017389e-07
6	2.905041e-07	0.000000e+00	2.905041e-07
7	3.954083e-07	0.000000e+00	3.954083e-07
8	5.164517e-07	0.000000e+00	5.164517e-07
9	6.536342e-07	0.000000e+00	6.536342e-07
10	8.069558e-07	0.000000e+00	8.069558e-07
11	9.764165e-07	0.000000e+00	9.764165e-07
12	1.162016e-06	0.000000e+00	1.162016e-06
13	1.363755e-06	0.000000e+00	1.363755e-06
14	1.581633e-06	0.000000e+00	1.581633e-06
15	1.815651e-06	0.000000e+00	1.815651e-06
16	2.065807e-06	0.000000e+00	2.065807e-06
17	2.332102e-06	0.000000e+00	2.332102e-06
18	2.614537e-06	0.000000e+00	2.614537e-06
19	2.913110e-06	0.000000e+00	2.913110e-06
20	3.227823e-06	0.000000e+00	3.227823e-06
21	3.558675e-06	0.000000e+00	3.558675e-06
22	3.905666e-06	0.000000e+00	3.905666e-06
23	4.268796e-06	0.000000e+00	4.268796e-06
24	4.648065e-06	0.000000e+00	4.648065e-06
25	5.043474e-06	0.000000e+00	5.043474e-06
26	5.455021e-06	0.000000e+00	5.455021e-06
27	5.882708e-06	0.000000e+00	5.882708e-06
28	6.326533e-06	0.000000e+00	6.326533e-06
29	6.786498e-06	0.000000e+00	6.786498e-06
30	7.262602e-06	0.000000e+00	7.262602e-06
31	7.754845e-06	0.000000e+00	7.754845e-06
32	8.263227e-06	0.000000e+00	8.263227e-06
33	8.787749e-06	0.000000e+00	8.787749e-06
34	9.328409e-06	0.000000e+00	9.328409e-06
35	9.885208e-06	0.000000e+00	9.885208e-06
36	1.045815e-05	0.000000e+00	1.045815e-05
37	1.104722e-05	0.000000e+00	1.104722e-05
38	1.165244e-05	0.000000e+00	1.165244e-05
39	1.227380e-05	0.000000e+00	1.227380e-05
40	1.291129e-05	0.000000e+00	1.291129e-05
41	1.356493e-05	0.000000e+00	1.356493e-05
42	1.423470e-05	0.000000e+00	1.423470e-05
43	1.492061e-05	0.000000e+00	1.492061e-05
44	1.562266e-05	0.000000e+00	1.562266e-05
45	1.634085e-05	0.000000e+00	1.634085e-05
46	1.707518e-05	0.000000e+00	1.707518e-05
47	1.782565e-05	0.000000e+00	1.782565e-05
48	1.859226e-05	0.000000e+00	1.859226e-05
49	1.937501e-05	0.000000e+00	1.937501e-05
50	2.017389e-05	0.000000e+00	2.017389e-05
51	2.098892e-05	0.000000e+00	2.098892e-05
52	2.182008e-05	0.000000e+00	2.182008e-05
53	2.266739e-05	0.000000e+00	2.266739e-05
54	2.353083e-05	0.000000e+00	2.353083e-05
55	2.441041e-05	0.000000e+00	2.441041e-05
56	2.530613e-05	0.000000e+00	2.530613e-05
57	2.621799e-05	0.000000e+00	2.621799e-05
58	2.714599e-05	0.000000e+00	2.714599e-05
59	2.809013e-05	0.000000e+00	2.809013e-05
60	2.905041e-05	0.000000e+00	2.905041e-05
61	3.002682e-05	0.000000e+00	3.002682e-05
62	3.101938e-05	0.000000e+00	3.101938e-05
63	3.202808e-05	0.000000e+00	3.202808e-05
64	3.305291e-05	0.000000e+00	3.305291e-05
65	3.409388e-05	0.000000e+00	3.409388e-05
66	3.515099e-05	0.000000e+00	3.515099e-05
67	3.622425e-05	0.000000e+00	3.622425e-05
68	3.731364e-05	0.000000e+00	3.731364e-05
69	3.841917e-05	0.000000e+00	3.841917e-05
70	3.954083e-05	0.000000e+00	3.954083e-05
71	4.067864e-05	0.000000e+00	4.067864e-05
72	4.183259e-05	0.000000e+00	4.183259e-05
73	4.300267e-05	0.000000e+00	4.300267e-05
74	4.418890e-05	0.000000e+00	4.418890e-05
75	4.539126e-05	0.000000e+00	4.539126e-05
76	4.660977e-05	0.000000e+00	4.660977e-05
77	4.784441e-05	0.000000e+00	4.784441e-05
78	4.909519e-05	0.000000e+00	4.909519e-05
79	5.036211e-05	0.000000e+00	5.036211e-05
80	5.164517e-05	0.000000e+00	5.164517e-05
81	5.294437e-05	0.000000e+00	5.294437e-05
82	5.425971e-05	0.000000e+00	5.425971e-05
83	5.559118e-05	0.000000e+00	5.559118e-05
84	5.693880e-05	0.000000e+00	5.693880e-05
85	5.830256e-05	0.000000e+00	5.830256e-05
86	5.968245e-05	0.000000e+00	5.968245e-05
87	6.107848e-05	0.000000e+00	6.107848e-05
88	6.249066e-05	0.000000e+00	6.249066e-05
89	6.391897e-05	0.000000e+00	6.391897e-05
90	6.533664e-05	6.817906e-09	6.534346e-05
91	6.675645e-05	4.173186e-08	6.679818e-05
92	6.821565e-05	1.272806e-07	6.834293e-05
93	6.973891e-05	3.006289e-07	7.003954e-05
94	7.136015e-05	6.342290e-07	7.199438e-05
95	7.315981e-05	1.209577e-06	7.436939e-05
96	7.537855e-05	2.184512e-06	7.756306e-05
97	7.854550e-05	3.590084e-06	8.213559e-05
98	8.306005e-05	5.618136e-06	8.867819e-05
99	1.282237e-02	8.731934e-06	1.283110e-02
100	1.597158e-01	1.348487e-05	1.597293e-01
101	6.414809e-01	2.025003e-05	6.415012e-01
102	1.740206e+00	2.943536e-05	1.740235e+00
103	3.584424e+00	4.132358e-05	3.584465e+00
104	6.470780e+00	5.486343e-05	6.470835e+00
105	1.059822e+01	6.871592e-05	1.059829e+01
106	1.572374e+01	8.293658e-05	1.572383e+01
107	2.286941e+01	9.951123e-05	2.286951e+01
108	2.729831e+01	1.118549e-04	2.729842e+01
109	3.572587e+01	1.283891e-04	3.572600e+01
110	3.919573e+01	1.430986e-04	3.919587e+01
111	4.270298e+01	1.525939e-04	4.270313e+01
112	4.934880e+01	1.649201e-04	4.934896e+01
113	5.157854e+01	1.803779e-04	5.157872e+01
114	5.331555e+01	1.890407e-04	5.331574e+01
115	6.052299e+01	1.978670e-04	6.052319e+01
116	6.185183e+01	2.029092e-04	6.185203e+01
117	6.526110e+01	2.089220e-04	6.526131e+01
118	6.643724e+01	2.162869e-04	6.643745e+01
119	6.818463e+01	2.248645e-04	6.818485e+01
120	7.050134e+01	2.339669e-04	7.050157e+01
121	7.331972e+01	2.398102e-04	7.331996e+01
122	7.693767e+01	2.424680e-04	7.693791e+01
123	7.878399e+01	2.431629e-04	7.878423e+01
124	8.085601e+01	2.433598e-04	8.085625e+01
125	8.216579e+01	2.442966e-04	8.216603e+01
126	8.348574e+01	2.477592e-04	8.348598e+01
127	8.481619e+01	2.507956e-04	8.481645e+01
128	8.630513e+01	2.511724e-04	8.630538e+01
129	8.851488e+01	2.520415e-04	8.851513e+01
130	8.989260e+01	2.548528e-04	8.989286e+01
131	9.128095e+01	2.633886e-04	9.128121e+01
132	9.267994e+01	2.768382e-04	9.268021e+01
133	9.409238e+01	2.846830e-04	9.409266e+01
134	9.950267e+01	2.875439e-04	9.950296e+01
135	1.029462e+02	2.904760e-04	1.029465e+02
136	1.044803e+02	2.916932e-04	1.044806e+02
137	1.067477e+02	2.930841e-04	1.067480e+02
138	1.083125e+02	2.959689e-04	1.083128e+02
139	1.098886e+02	3.016145e-04	1.098890e+02
140	1.114758e+02	3.094215e-04	1.114761e+02
141	1.130743e+02	3.174015e-04	1.130746e+02
142	1.150421e+02	3.260843e-04	1.150425e+02
143	1.169161e+02	3.317612e-04	1.169164e+02
144	1.197370e+02	3.388524e-04	1.197374e+02
145	1.214958e+02	3.495523e-04	1.214962e+02
146	1.231833e+02	3.594825e-04	1.231836e+02
147	1.257906e+02	3.692095e-04	1.257910e+02
148	1.288341e+02	3.784300e-04	1.288345e+02
149	1.309876e+02	3.882201e-04	1.309880e+02
150	1.337190e+02	3.992106e-04	1.337194e+02
151	1.365291e+02	4.136081e-04	1.365295e+02
152	1.383621e+02	4.323392e-04	1.383626e+02
153	1.409883e+02	4.635867e-04	1.409888e+02
154	1.428379e+02	5.136318e-04	1.428385e+02
155	1.450302e+02	6.551865e-04	1.450308e+02
156	1.470176e+02	9.779307e-04	1.470186e+02
157	1.491293e+02	1.170958e-03	1.491305e+02
158	1.722719e+02	1.217516e-03	1.722732e+02
159	1.817897e+02	1.251619e-03	1.817910e+02
160	1.900234e+02	1.273214e-03	1.900247e+02
161	1.959038e+02	1.291980e-03	1.959051e+02
162	1.998644e+02	1.307821e-03	1.998657e+02
163	2.039579e+02	1.320970e-03	2.039592e+02
164	2.079500e+02	1.334987e-03	2.079513e+02
165	2.112475e+02	1.345910e-03	2.112488e+02
166	2.143458e+02	1.348597e-03	2.143472e+02
167	2.182515e+02	1.349069e-03	2.182529e+02
168	2.210875e+02	1.349094e-03	2.210888e+02
169	2.237996e+02	1.349094e-03	2.238010e+02
170	2.264560e+02	1.349094e-03	2.264573e+02
171	2.291280e+02	1.349094e-03	2.291293e+02
172	2.318157e+02	1.349094e-03	2.318170e+02
173	2.345191e+02	1.349094e-03	2.345204e+02
174	2.372381e+02	1.349100e-03	2.372394e+02
175	2.399728e+02	1.349134e-03	2.399742e+02
176	2.427232e+02	1.349252e-03	2.427245e+02
177	2.454892e+02	1.349665e-03	2.454906e+02
178	2.482710e+02	1.351154e-03	2.482723e+02
179	2.510684e+02	1.354870e-03	2.510697e+02
180	2.538814e+02	1.357088e-03	2.538828e+02
181	2.569623e+02	1.359446e-03	2.569637e+02
182	2.598117e+02	1.362353e-03	2.598130e+02
183	2.626754e+02	1.363682e-03	2.626768e+02
184	2.657415e+02	1.368305e-03	2.657429e+02
185	2.686378e+02	1.373388e-03	2.686392e+02
186	2.716111e+02	1.373599e-03	2.716125e+02
187	2.754436e+02	1.373599e-03	2.754449e+02
188	2.783974e+02	1.373599e-03	2.783987e+02
189	2.813669e+02	1.373599e-03	2.813683e+02
190	2.843522e+02	1.373599e-03	2.843536e+02
191	2.873533e+02	1.373599e-03	2.873546e+02
192	2.903701e+02	1.373599e-03	2.903714e+02
193	2.934026e+02	1.373599e-03	2.934040e+02
194	2.964510e+02	1.373599e-03	2.964523e+02
195	2.995150e+02	1.373599e-03	2.995164e+02
196	3.025949e+02	1.373599e-03	3.025962e+02
197	3.056904e+02	1.373599e-03	3.056918e+02
198	3.088018e+02	1.373599e-03	3.088031e+02
199	3.119289e+02	1.373599e-03	3.119302e+02
200	3.150717e+02	1.373599e-03	3.150731e+02
