Step	E_el	E_frac	E_tot
0	0.000000e+00	0.000000e+00	0.000000e+00
1	7.906115e-09	0.000000e+00	7.906115e-09
2	3.162446e-08	0.000000e+00	3.162446e-08
3	7.115504e-08	0.000000e+00	7.115504e-08
4	1.264978e-07	0.000000e+00	1.264978e-07
5	1.976529e-07	0.000000e+00	1.976529e-07
6	2.846202e-07	0.000000e+00	2.846202e-07
7	3.873997e-07	0.000000e+00	3.873997e-07
8	5.059914e-07	0.000000e+00	5.059914e-07
9	6.403954e-07	0.000000e+00	6.403954e-07
10	7.906115e-07	0.000000e+00	7.906115e-07
11	9.566400e-07	0.000000e+00	9.566400e-07
12	1.138481e-06	0.000000e+00	1.138481e-06
13	1.336134e-06	0.000000e+00	1.336134e-06
14	1.549599e-06	0.000000e+00	1.549599e-06
15	1.778876e-06	0.000000e+00	1.778876e-06
16	2.023966e-06	0.000000e+00	2.023966e-06
17	2.284867e-06	0.000000e+00	2.284867e-06
18	2.561581e-06	0.000000e+00	2.561581e-06
19	2.854108e-06	0.000000e+00	2.854108e-06
20	3.162446e-06	0.000000e+00	3.162446e-06
21	3.486597e-06	0.000000e+00	3.486597e-06
22	3.826560e-06	0.000000e+00	3.826560e-06
23	4.182335e-06	0.000000e+00	4.182335e-06
24	4.553922e-06	0.000000e+00	4.553922e-06
25	4.941322e-06	0.000000e+00	4.941322e-06
26	5.344534e-06	0.000000e+00	5.344534e-06
27	5.763558e-06	0.000000e+00	5.763558e-06
28	6.198395e-06	0.000000e+00	6.198395e-06
29	6.649043e-06	0.000000e+00	6.649043e-06
30	7.115504e-06	0.000000e+00	7.115504e-06
31	7.597777e-06	0.000000e+00	7.597777e-06
32	8.095862e-06	0.000000e+00	8.095862e-06
33	8.609760e-06	0.000000e+00	8.609760e-06
34	9.139469e-06	0.000000e+00	9.139469e-06
35	9.684991e-06	0.000000e+00	9.684991e-06
36	1.024633e-05	0.000000e+00	1.024633e-05
37	1.082347e-05	0.000000e+00	1.082347e-05
38	1.141643e-05	0.000000e+00	1.141643e-05
39	1.202520e-05	0.000000e+00	1.202520e-05
40	1.264978e-05	0.000000e+00	1.264978e-05
41	1.329018e-05	0.000000e+00	1.329018e-05
42	1.394639e-05	0.000000e+00	1.394639e-05
43	1.461841e-05	0.000000e+00	1.461841e-05
44	1.530624e-05	0.000000e+00	1.530624e-05
45	1.600988e-05	0.000000e+00	1.600988e-05
46	1.672934e-05	0.000000e+00	1.672934e-05
47	1.746461e-05	0.000000e+00	1.746461e-05
48	1.821569e-05	0.000000e+00	1.821569e-05
49	1.898258e-05	0.000000e+00	1.898258e-05
50	1.976529e-05	0.000000e+00	1.976529e-05
51	2.056381e-05	0.000000e+00	2.056381e-05
52	2.137814e-05	0.000000e+00	2.137814e-05
53	2.220828e-05	0.000000e+00	2.220828e-05
54	2.305423e-05	0.000000e+00	2.305423e-05
55	2.391600e-05	0.000000e+00	2.391600e-05
56	2.479358e-05	0.000000e+00	2.479358e-05
57	2.568697e-05	0.000000e+00	2.568697e-05
58	2.659617e-05	0.000000e+00	2.659617e-05
59	2.752119e-05	0.000000e+00	2.752119e-05
60	2.846202e-05	0.000000e+00	2.846202e-05
61	2.941866e-05	0.000000e+00	2.941866e-05
62	3.039111e-05	0.000000e+00	3.039111e-05
63	3.137937e-05	0.000000e+00	3.137937e-05
64	3.238345e-05	0.000000e+00	3.238345e-05
65	3.340334e-05	0.000000e+00	3.340334e-05
66	3.443904e-05	0.000000e+00	3.443904e-05
67	3.549055e-05	0.000000e+00	3.549055e-05
68	3.655788e-05	0.000000e+00	3.655788e-05
69	3.764102e-05	0.000000e+00	3.764102e-05
70	3.873997e-05	0.000000e+00	3.873997e-05
71	3.985473e-05	0.000000e+00	3.985473e-05
72	4.098530e-05	0.000000e+00	4.098530e-05
73	4.213169e-05	0.000000e+00	4.213169e-05
74	4.329389e-05	0.000000e+00	4.329389e-05
75	4.447190e-05	0.000000e+00	4.447190e-05
76	4.566572e-05	0.000000e+00	4.566572e-05
77	4.687536e-05	0.000000e+00	4.687536e-05
78	4.810081e-05	0.000000e+00	4.810081e-05
79	4.934207e-05	0.000000e+00	4.934207e-05
80	5.059914e-05	0.000000e+00	5.059914e-05
81	5.187202e-05	0.000000e+00	5.187202e-05
82	5.316072e-05	0.000000e+00	5.316072e-05
83	5.446523e-05	0.000000e+00	5.446523e-05
84	5.578555e-05	0.000000e+00	5.578555e-05
85	5.712168e-05	0.000000e+00	5.712168e-05
86	5.847363e-05	0.000000e+00	5.847363e-05
87	5.984139e-05	0.000000e+00	5.984139e-05
88	6.122496e-05	0.000000e+00	6.122496e-05
89	6.262434e-05	0.000000e+00	6.262434e-05
90	6.403954e-05	0.000000e+00	6.403954e-05
91	6.547054e-05	0.000000e+00	6.547054e-05
92	6.691736e-05	0.000000e+00	6.691736e-05
93	6.837999e-05	0.000000e+00	6.837999e-05
94	6.985844e-05	0.000000e+00	6.985844e-05
95	7.135269e-05	0.000000e+00	7.135269e-05
96	7.286276e-05	0.000000e+00	7.286276e-05
97	7.438864e-05	0.000000e+00	7.438864e-05
98	7.593033e-05	0.000000e+00	7.593033e-05
99	7.748784e-05	0.000000e+00	7.748784e-05
100	7.904141e-05	6.093192e-09	7.904750e-05
101	8.058352e-05	4.017956e-08	8.062370e-05
102	8.217359e-05	1.212524e-07	8.229484e-05
103	8.383104e-05	2.837367e-07	8.411477e-05
104	8.558292e-05	5.854429e-07	8.616837e-05
105	8.747207e-05	1.115573e-06	8.858765e-05
106	8.961381e-05	2.062869e-06	9.167668e-05
107	9.232408e-05	3.635101e-06	9.595918e-05
108	9.658279e-05	5.986358e-06	1.025691e-04
109	1.037791e-04	9.384946e-06	1.131640e-04
110	6.968549e-03	1.472700e-05	6.983276e-03
111	9.195213e-02	2.370917e-05	9.197584e-02
112	3.323042e-01	4.194401e-05	3.323462e-01
113	8.140491e-01	8.276217e-05	8.141319e-01
114	1.651819e+00	1.235573e-04	1.651942e+00
115	1.771137e+01	1.441553e-04	1.771151e+01
116	3.035156e+01	1.560926e-04	3.035172e+01
117	3.798641e+01	1.690135e-04	3.798658e+01
118	4.233829e+01	1.798502e-04	4.233847e+01
119	4.680185e+01	1.868046e-04	4.680204e+01
120	5.091013e+01	1.951979e-04	5.091032e+01
121	5.488744e+01	2.035208e-04	5.488764e+01
122	5.916899e+01	2.119504e-04	5.916920e+01
123	6.279548e+01	2.183692e-04	6.279570e+01
124	6.781032e+01	2.232150e-04	6.781054e+01
125	7.173862e+01	2.251463e-04	7.173885e+01
126	7.440116e+01	2.291620e-04	7.440139e+01
127	7.728043e+01	2.348576e-04	7.728066e+01
128	7.971461e+01	2.388199e-04	7.971485e+01
129	8.264232e+01	2.443179e-04	8.264257e+01
130	8.504456e+01	2.522536e-04	8.504481e+01
131	8.731037e+01	2.554228e-04	8.731062e+01
132	9.092812e+01	2.660178e-04	9.092839e+01
133	9.307749e+01	2.821718e-04	9.307777e+01
134	9.633666e+01	2.931419e-04	9.633695e+01
135	1.024183e+02	2.979310e-04	1.024186e+02
136	1.087906e+02	3.009549e-04	1.087909e+02
137	1.129806e+02	3.024010e-04	1.129809e+02
138	1.156230e+02	3.022714e-04	1.156233e+02
139	1.177514e+02	3.024289e-04	1.177517e+02
140	1.194517e+02	3.039741e-04	1.194520e+02
141	1.211643e+02	3.060906e-04	1.211646e+02
142	1.228923e+02	3.099921e-04	1.228926e+02
143	1.252742e+02	3.147007e-04	1.252746e+02
144	1.274772e+02	3.182505e-04	1.274775e+02
145	1.307784e+02	3.209131e-04	1.307787e+02
146	1.334418e+02	3.227980e-04	1.334421e+02
147	1.364206e+02	3.246190e-04	1.364209e+02
148	1.382980e+02	3.291636e-04	1.382983e+02
149	1.401740e+02	3.385086e-04	1.401743e+02
150	1.424145e+02	3.453544e-04	1.424149e+02
151	1.460030e+02	3.493910e-04	1.460033e+02
152	1.503685e+02	3.528539e-04	1.503689e+02
153	1.533971e+02	3.574388e-04	1.533974e+02
154	1.557260e+02	3.622930e-04	1.557264e+02
155	1.591408e+02	3.709932e-04	1.591411e+02
156	1.614057e+02	3.736656e-04	1.614060e+02
157	1.677501e+02	3.739582e-04	1.677505e+02
158	1.698962e+02	3.764750e-04	1.698965e+02
159	1.720535e+02	3.819999e-04	1.720539e+02
160	1.742259e+02	3.867160e-04	1.742263e+02
161	1.777110e+02	3.894170e-04	1.777114e+02
162	1.808406e+02	3.912223e-04	1.808410e+02
163	1.837607e+02	3.966768e-04	1.837611e+02
164	1.860225e+02	3.998501e-04	1.860229e+02
165	1.898535e+02	4.042345e-04	1.898539e+02
166	1.921690e+02	4.045658e-04	1.921694e+02
167	1.964751e+02	4.045621e-04	1.964755e+02
168	1.988351e+02	4.045773e-04	1.988355e+02
169	2.012093e+02	4.049053e-04	2.012097e+02
170	2.035975e+02	4.071748e-04	2.035979e+02
171	2.059998e+02	4.108747e-04	2.060002e+02
172	2.084186e+02	4.111165e-04	2.084190e+02
173	2.125670e+02	4.111165e-04	2.125674e+02
174	2.150315e+02	4.111165e-04	2.150319e+02
175	2.175103e+02	4.111113e-04	2.175107e+02
176	2.200032e+02	4.110692e-04	2.200036e+02
177	2.225103e+02	4.109857e-04	2.225107e+02
178	2.250317e+02	4.111022e-04	2.250321e+02
179	2.275672e+02	4.127935e-04	2.275676e+02
180	2.301170e+02	4.159027e-04	2.301174e+02
181	2.326817e+02	4.161417e-04	2.326821e+02
182	2.364158e+02	4.161417e-04	2.364162e+02
183	2.390209e+02	4.161417e-04	2.390213e+02
184	2.416403e+02	4.161417e-04	2.416407e+02
185	2.442740e+02	4.161417e-04	2.442744e+02
186	2.469219e+02	4.161417e-04	2.469223e+02
187	2.495841e+02	4.161417e-04	2.495845e+02
188	2.522606e+02	4.161417e-04	2.522610e+02
189	2.549514e+02	4.161417e-04	2.549518e+02
190	2.576564e+02	4.161417e-04	2.576568e+02
191	2.603757e+02	4.161417e-04	2.603761e+02
192	2.631093e+02	4.161332e-04	2.631097e+02
193	2.658572e+02	4.161160e-04	2.658576e+02
194	2.686193e+02	4.161247e-04	2.686197e+02
195	2.713957e+02	4.162799e-04	2.713961e+02
196	2.741864e+02	4.168697e-04	2.741868e+02
197	2.769913e+02	4.183575e-04	2.769918e+02
198	2.798106e+02	4.221711e-04	2.798110e+02
199	2.826441e+02	4.280727e-04	2.826445e+02
200	2.854922e+02	4.302128e-04	2.854926e+02
