Step	E_el	E_frac	E_tot
0	0.000000e+00	0.000000e+00	0.000000e+00
1	6.006513e-09	0.000000e+00	6.006513e-09
2	2.402605e-08	0.000000e+00	2.402605e-08
3	5.405862e-08	0.000000e+00	5.405862e-08
4	9.610421e-08	0.000000e+00	9.610421e-08
5	1.501628e-07	0.000000e+00	1.501628e-07
6	2.162345e-07	0.000000e+00	2.162345e-07
7	2.943191e-07	0.000000e+00	2.943191e-07
8	3.844168e-07	0.000000e+00	3.844168e-07
9	4.865275e-07	0.000000e+00	4.865275e-07
10	6.006513e-07	0.000000e+00	6.006513e-07
11	7.267881e-07	0.000000e+00	7.267881e-07
12	8.649379e-07	0.000000e+00	8.649379e-07
13	1.015101e-06	0.000000e+00	1.015101e-06
14	1.177277e-06	0.000000e+00	1.177277e-06
15	1.351465e-06	0.000000e+00	1.351465e-06
16	1.537667e-06	0.000000e+00	1.537667e-06
17	1.735882e-06	0.000000e+00	1.735882e-06
18	1.946110e-06	0.000000e+00	1.946110e-06
19	2.168351e-06	0.000000e+00	2.168351e-06
20	2.402605e-06	0.000000e+00	2.402605e-06
21	2.648872e-06	0.000000e+00	2.648872e-06
22	2.907152e-06	0.000000e+00	2.907152e-06
23	3.177445e-06	0.000000e+00	3.177445e-06
24	3.459751e-06	0.000000e+00	3.459751e-06
25	3.754071e-06	0.000000e+00	3.754071e-06
26	4.060403e-06	0.000000e+00	4.060403e-06
27	4.378748e-06	0.000000e+00	4.378748e-06
28	4.709106e-06	0.000000e+00	4.709106e-06
29	5.051477e-06	0.000000e+00	5.051477e-06
30	5.405862e-06	0.000000e+00	5.405862e-06
31	5.772259e-06	0.000000e+00	5.772259e-06
32	6.150669e-06	0.000000e+00	6.150669e-06
33	6.541093e-06	0.000000e+00	6.541093e-06
34	6.943529e-06	0.000000e+00	6.943529e-06
35	7.357978e-06	0.000000e+00	7.357978e-06
36	7.784441e-06	0.000000e+00	7.784441e-06
37	8.222916e-06	0.000000e+00	8.222916e-06
38	8.673405e-06	0.000000e+00	8.673405e-06
39	9.135906e-06	0.000000e+00	9.135906e-06
40	9.610421e-06	0.000000e+00	9.610421e-06
41	1.009695e-05	0.000000e+00	1.009695e-05
42	1.059549e-05	0.000000e+00	1.059549e-05
43	1.110604e-05	0.000000e+00	1.110604e-05
44	1.162861e-05	0.000000e+00	1.162861e-05
45	1.216319e-05	0.000000e+00	1.216319e-05
46	1.270978e-05	0.000000e+00	1.270978e-05
47	1.326839e-05	0.000000e+00	1.326839e-05
48	1.383901e-05	0.000000e+00	1.383901e-05
49	1.442164e-05	0.000000e+00	1.442164e-05
50	1.501628e-05	0.000000e+00	1.501628e-05
51	1.562294e-05	0.000000e+00	1.562294e-05
52	1.624161e-05	0.000000e+00	1.624161e-05
53	1.687229e-05	0.000000e+00	1.687229e-05
54	1.751499e-05	0.000000e+00	1.751499e-05
55	1.816970e-05	0.000000e+00	1.816970e-05
56	1.883642e-05	0.000000e+00	1.883642e-05
57	1.951516e-05	0.000000e+00	1.951516e-05
58	2.020591e-05	0.000000e+00	2.020591e-05
59	2.090867e-05	0.000000e+00	2.090867e-05
60	2.162345e-05	0.000000e+00	2.162345e-05
61	2.235023e-05	0.000000e+00	2.235023e-05
62	2.308904e-05	0.000000e+00	2.308904e-05
63	2.383985e-05	0.000000e+00	2.383985e-05
64	2.460268e-05	0.000000e+00	2.460268e-05
65	2.537752e-05	0.000000e+00	2.537752e-05
66	2.616437e-05	0.000000e+00	2.616437e-05
67	2.696324e-05	0.000000e+00	2.696324e-05
68	2.777412e-05	0.000000e+00	2.777412e-05
69	2.859701e-05	0.000000e+00	2.859701e-05
70	2.943191e-05	0.000000e+00	2.943191e-05
71	3.027883e-05	0.000000e+00	3.027883e-05
72	3.113776e-05	0.000000e+00	3.113776e-05
73	3.200871e-05	0.000000e+00	3.200871e-05
74	3.289166e-05	0.000000e+00	3.289166e-05
75	3.378663e-05	0.000000e+00	3.378663e-05
76	3.469362e-05	0.000000e+00	3.469362e-05
77	3.561261e-05	0.000000e+00	3.561261e-05
78	3.654362e-05	0.000000e+00	3.654362e-05
79	3.748665e-05	0.000000e+00	3.748665e-05
80	3.844168e-05	0.000000e+00	3.844168e-05
81	3.940873e-05	0.000000e+00	3.940873e-05
82	4.038779e-05	0.000000e+00	4.038779e-05
83	4.137887e-05	0.000000e+00	4.137887e-05
84	4.238195e-05	0.000000e+00	4.238195e-05
85	4.339706e-05	0.000000e+00	4.339706e-05
86	4.442417e-05	0.000000e+00	4.442417e-05
87	4.546330e-05	0.000000e+00	4.546330e-05
88	4.651444e-05	0.000000e+00	4.651444e-05
89	4.757759e-05	0.000000e+00	4.757759e-05
90	4.865275e-05	0.000000e+00	4.865275e-05
91	4.973993e-05	0.000000e+00	4.973993e-05
92	5.083912e-05	0.000000e+00	5.083912e-05
93	5.195033e-05	0.000000e+00	5.195033e-05
94	5.307355e-05	0.000000e+00	5.307355e-05
95	5.420878e-05	0.000000e+00	5.420878e-05
96	5.535602e-05	0.000000e+00	5.535602e-05
97	5.651528e-05	0.000000e+00	5.651528e-05
98	5.768655e-05	0.000000e+00	5.768655e-05
99	5.886983e-05	0.000000e+00	5.886983e-05
100	6.006513e-05	0.000000e+00	6.006513e-05
101	6.127244e-05	0.000000e+00	6.127244e-05
102	6.249176e-05	0.000000e+00	6.249176e-05
103	6.372310e-05	0.000000e+00	6.372310e-05
104	6.496644e-05	0.000000e+00	6.496644e-05
105	6.622180e-05	0.000000e+00	6.622180e-05
106	6.748918e-05	0.000000e+00	6.748918e-05
107	6.875961e-05	1.535155e-09	6.876114e-05
108	7.002654e-05	1.432213e-08	7.004086e-05
109	7.132530e-05	5.274529e-08	7.137805e-05
110	7.265842e-05	1.275628e-07	7.278598e-05
111	7.404320e-05	2.586710e-07	7.430187e-05
112	7.550596e-05	4.932132e-07	7.599917e-05
113	7.709135e-05	8.976215e-07	7.798897e-05
114	7.891819e-05	1.563468e-06	8.048165e-05
115	8.131985e-05	2.554120e-06	8.387397e-05
116	8.487299e-05	3.888772e-06	8.876176e-05
117	9.091161e-05	5.680565e-06	9.659218e-05
118	2.497912e-02	8.295957e-06	2.498742e-02
119	1.127651e-01	1.202738e-05	1.127772e-01
120	2.981706e-01	1.732205e-05	2.981879e-01
121	6.219760e-01	2.496430e-05	6.220009e-01
122	1.088743e+00	3.630470e-05	1.088780e+00
123	1.815601e+00	6.070537e-05	1.815662e+00
124	2.907335e+00	1.020518e-04	2.907437e+00
125	4.418416e+00	1.381884e-04	4.418554e+00
126	2.475686e+01	1.595266e-04	2.475702e+01
127	3.397924e+01	1.725082e-04	3.397941e+01
128	4.081055e+01	1.809121e-04	4.081074e+01
129	4.522917e+01	1.882528e-04	4.522936e+01
130	4.940748e+01	1.997226e-04	4.940768e+01
131	5.225579e+01	2.034692e-04	5.225599e+01
132	5.847653e+01	2.171685e-04	5.847675e+01
133	6.094661e+01	2.240284e-04	6.094683e+01
134	6.708297e+01	2.259589e-04	6.708319e+01
135	6.973894e+01	2.272062e-04	6.973916e+01
136	7.171140e+01	2.307944e-04	7.171163e+01
137	7.282867e+01	2.307757e-04	7.282890e+01
138	7.509935e+01	2.350259e-04	7.509958e+01
139	7.634336e+01	2.426076e-04	7.634361e+01
140	7.878740e+01	2.488132e-04	7.878765e+01
141	8.211841e+01	2.549804e-04	8.211867e+01
142	8.396834e+01	2.626560e-04	8.396860e+01
143	8.646841e+01	2.756388e-04	8.646868e+01
144	8.929781e+01	2.852286e-04	8.929810e+01
145	9.379535e+01	2.900107e-04	9.379564e+01
146	9.899238e+01	2.964154e-04	9.899267e+01
147	1.003601e+02	3.007647e-04	1.003604e+02
148	1.033690e+02	3.074523e-04	1.033693e+02
149	1.056105e+02	3.143024e-04	1.056108e+02
150	1.088200e+02	3.192251e-04	1.088203e+02
151	1.110444e+02	3.203174e-04	1.110447e+02
152	1.137277e+02	3.259491e-04	1.137280e+02
153	1.152290e+02	3.318934e-04	1.152293e+02
154	1.179095e+02	3.401264e-04	1.179098e+02
155	1.207096e+02	3.426901e-04	1.207099e+02
156	1.246716e+02	3.426938e-04	1.246719e+02
157	1.262878e+02	3.426938e-04	1.262882e+02
158	1.279017e+02	3.426938e-04	1.279021e+02
159	1.295258e+02	3.426938e-04	1.295262e+02
160	1.311602e+02	3.426685e-04	1.311606e+02
161	1.328049e+02	3.426577e-04	1.328052e+02
162	1.344597e+02	3.432450e-04	1.344601e+02
163	1.361248e+02	3.467982e-04	1.361252e+02
164	1.378002e+02	3.503114e-04	1.378005e+02
165	1.402213e+02	3.520441e-04	1.402217e+02
166	1.424158e+02	3.583076e-04	1.424162e+02
167	1.442943e+02	3.673909e-04	1.442946e+02
168	1.467269e+02	3.722415e-04	1.467273e+02
169	1.500051e+02	3.767938e-04	1.500055e+02
170	1.530313e+02	3.785700e-04	1.530317e+02
171	1.563349e+02	3.787472e-04	1.563352e+02
172	1.581785e+02	3.797947e-04	1.581789e+02
173	1.600232e+02	3.817064e-04	1.600235e+02
174	1.618786e+02	3.818972e-04	1.618790e+02
175	1.644342e+02	3.818972e-04	1.644346e+02
176	1.663189e+02	3.818972e-04	1.663192e+02
177	1.682142e+02	3.818972e-04	1.682146e+02
178	1.701203e+02	3.818972e-04	1.701207e+02
179	1.720371e+02	3.818969e-04	1.720375e+02
180	1.739647e+02	3.818936e-04	1.739651e+02
181	1.759030e+02	3.819110e-04	1.759034e+02
182	1.778521e+02	3.821451e-04	1.778525e+02
183	1.798119e+02	3.835447e-04	1.798122e+02
184	1.817824e+02	3.867970e-04	1.817828e+02
185	1.837636e+02	3.894904e-04	1.837640e+02
186	1.865106e+02	3.913467e-04	1.865110e+02
187	1.899967e+02	3.913548e-04	1.899971e+02
188	1.921174e+02	3.913572e-04	1.921178e+02
189	1.941666e+02	3.914051e-04	1.941670e+02
190	1.962267e+02	3.919044e-04	1.962271e+02
191	1.982977e+02	3.948321e-04	1.982981e+02
192	2.003795e+02	3.991811e-04	2.003799e+02
193	2.025287e+02	4.035153e-04	2.025291e+02
194	2.055985e+02	4.052549e-04	2.055989e+02
195	2.089161e+02	4.067124e-04	2.089165e+02
196	2.110682e+02	4.135572e-04	2.110686e+02
197	2.132275e+02	4.186461e-04	2.132279e+02
198	2.165660e+02	4.187051e-04	2.165664e+02
199	2.198050e+02	4.187079e-04	2.198054e+02
200	2.220196e+02	4.187368e-04	2.220200e+02
