Step	E_el	E_frac	E_tot
0	0.000000e+00	0.000000e+00	0.000000e+00
1	7.027410e-09	0.000000e+00	7.027410e-09
2	2.810964e-08	0.000000e+00	2.810964e-08
3	6.324669e-08	0.000000e+00	6.324669e-08
4	1.124386e-07	0.000000e+00	1.124386e-07
5	1.756852e-07	0.000000e+00	1.756852e-07
6	2.529868e-07	0.000000e+00	2.529868e-07
7	3.443431e-07	0.000000e+00	3.443431e-07
8	4.497542e-07	0.000000e+00	4.497542e-07
9	5.692202e-07	0.000000e+00	5.692202e-07
10	7.027410e-07	0.000000e+00	7.027410e-07
11	8.503166e-07	0.000000e+00	8.503166e-07
12	1.011947e-06	0.000000e+00	1.011947e-06
13	1.187632e-06	0.000000e+00	1.187632e-06
14	1.377372e-06	0.000000e+00	1.377372e-06
15	1.581167e-06	0.000000e+00	1.581167e-06
16	1.799017e-06	0.000000e+00	1.799017e-06
17	2.030921e-06	0.000000e+00	2.030921e-06
18	2.276881e-06	0.000000e+00	2.276881e-06
19	2.536895e-06	0.000000e+00	2.536895e-06
20	2.810964e-06	0.000000e+00	2.810964e-06
21	3.099088e-06	0.000000e+00	3.099088e-06
22	3.401266e-06	0.000000e+00	3.401266e-06
23	3.717500e-06	0.000000e+00	3.717500e-06
24	4.047788e-06	0.000000e+00	4.047788e-06
25	4.392131e-06	0.000000e+00	4.392131e-06
26	4.750529e-06	0.000000e+00	4.750529e-06
27	5.122982e-06	0.000000e+00	5.122982e-06
28	5.509489e-06	0.000000e+00	5.509489e-06
29	5.910052e-06	0.000000e+00	5.910052e-06
30	6.324669e-06	0.000000e+00	6.324669e-06
31	6.753341e-06	0.000000e+00	6.753341e-06
32	7.196068e-06	0.000000e+00	7.196068e-06
33	7.652849e-06	0.000000e+00	7.652849e-06
34	8.123686e-06	0.000000e+00	8.123686e-06
35	8.608577e-06	0.000000e+00	8.608577e-06
36	9.107523e-06	0.000000e+00	9.107523e-06
37	9.620524e-06	0.000000e+00	9.620524e-06
38	1.014758e-05	0.000000e+00	1.014758e-05
39	1.068869e-05	0.000000e+00	1.068869e-05
40	1.124386e-05	0.000000e+00	1.124386e-05
41	1.181308e-05	0.000000e+00	1.181308e-05
42	1.239635e-05	0.000000e+00	1.239635e-05
43	1.299368e-05	0.000000e+00	1.299368e-05
44	1.360507e-05	0.000000e+00	1.360507e-05
45	1.423051e-05	0.000000e+00	1.423051e-05
46	1.487000e-05	0.000000e+00	1.487000e-05
47	1.552355e-05	0.000000e+00	1.552355e-05
48	1.619115e-05	0.000000e+00	1.619115e-05
49	1.687281e-05	0.000000e+00	1.687281e-05
50	1.756852e-05	0.000000e+00	1.756852e-05
51	1.827829e-05	0.000000e+00	1.827829e-05
52	1.900212e-05	0.000000e+00	1.900212e-05
53	1.973999e-05	0.000000e+00	1.973999e-05
54	2.049193e-05	0.000000e+00	2.049193e-05
55	2.125792e-05	0.000000e+00	2.125792e-05
56	2.203796e-05	0.000000e+00	2.203796e-05
57	2.283206e-05	0.000000e+00	2.283206e-05
58	2.364021e-05	0.000000e+00	2.364021e-05
59	2.446241e-05	0.000000e+00	2.446241e-05
60	2.529868e-05	0.000000e+00	2.529868e-05
61	2.614899e-05	0.000000e+00	2.614899e-05
62	2.701336e-05	0.000000e+00	2.701336e-05
63	2.789179e-05	0.000000e+00	2.789179e-05
64	2.878427e-05	0.000000e+00	2.878427e-05
65	2.969081e-05	0.000000e+00	2.969081e-05
66	3.061140e-05	0.000000e+00	3.061140e-05
67	3.154604e-05	0.000000e+00	3.154604e-05
68	3.249474e-05	0.000000e+00	3.249474e-05
69	3.345750e-05	0.000000e+00	3.345750e-05
70	3.443431e-05	0.000000e+00	3.443431e-05
71	3.542517e-05	0.000000e+00	3.542517e-05
72	3.643009e-05	0.000000e+00	3.643009e-05
73	3.744907e-05	0.000000e+00	3.744907e-05
74	3.848210e-05	0.000000e+00	3.848210e-05
75	3.952918e-05	0.000000e+00	3.952918e-05
76	4.059032e-05	0.000000e+00	4.059032e-05
77	4.166551e-05	0.000000e+00	4.166551e-05
78	4.275476e-05	0.000000e+00	4.275476e-05
79	4.385807e-05	0.000000e+00	4.385807e-05
80	4.497542e-05	0.000000e+00	4.497542e-05
81	4.610684e-05	0.000000e+00	4.610684e-05
82	4.725230e-05	0.000000e+00	4.725230e-05
83	4.841183e-05	0.000000e+00	4.841183e-05
84	4.958540e-05	0.000000e+00	4.958540e-05
85	5.077304e-05	0.000000e+00	5.077304e-05
86	5.197472e-05	0.000000e+00	5.197472e-05
87	5.319047e-05	0.000000e+00	5.319047e-05
88	5.442026e-05	0.000000e+00	5.442026e-05
89	5.566411e-05	0.000000e+00	5.566411e-05
90	5.692202e-05	0.000000e+00	5.692202e-05
91	5.819398e-05	0.000000e+00	5.819398e-05
92	5.948000e-05	0.000000e+00	5.948000e-05
93	6.078007e-05	0.000000e+00	6.078007e-05
94	6.209419e-05	0.000000e+00	6.209419e-05
95	6.342238e-05	0.000000e+00	6.342238e-05
96	6.476461e-05	0.000000e+00	6.476461e-05
97	6.612090e-05	0.000000e+00	6.612090e-05
98	6.749125e-05	0.000000e+00	6.749125e-05
99	6.887565e-05	0.000000e+00	6.887565e-05
100	7.027410e-05	0.000000e+00	7.027410e-05
101	7.168661e-05	0.000000e+00	7.168661e-05
102	7.311317e-05	0.000000e+00	7.311317e-05
103	7.455379e-05	0.000000e+00	7.455379e-05
104	7.600847e-05	0.000000e+00	7.600847e-05
105	7.747719e-05	0.000000e+00	7.747719e-05
106	7.895998e-05	0.000000e+00	7.895998e-05
107	8.045682e-05	0.000000e+00	8.045682e-05
108	8.196771e-05	0.000000e+00	8.196771e-05
109	8.349266e-05	0.000000e+00	8.349266e-05
110	8.503166e-05	0.000000e+00	8.503166e-05
111	8.658472e-05	0.000000e+00	8.658472e-05
112	8.815183e-05	0.000000e+00	8.815183e-05
113	8.973300e-05	0.000000e+00	8.973300e-05
114	9.132822e-05	0.000000e+00	9.132822e-05
115	9.293750e-05	0.000000e+00	9.293750e-05
116	9.456083e-05	0.000000e+00	9.456083e-05
117	9.619822e-05	0.000000e+00	9.619822e-05
118	9.784966e-05	0.000000e+00	9.784966e-05
119	9.951515e-05	0.000000e+00	9.951515e-05
120	1.011947e-04	0.000000e+00	1.011947e-04
121	1.028883e-04	0.000000e+00	1.028883e-04
122	1.045960e-04	0.000000e+00	1.045960e-04
123	1.063177e-04	0.000000e+00	1.063177e-04
124	1.080535e-04	0.000000e+00	1.080535e-04
125	1.098033e-04	0.000000e+00	1.098033e-04
126	1.115672e-04	0.000000e+00	1.115672e-04
127	1.133451e-04	0.000000e+00	1.133451e-04
128	1.151371e-04	0.000000e+00	1.151371e-04
129	1.169431e-04	0.000000e+00	1.169431e-04
130	1.187632e-04	0.000000e+00	1.187632e-04
131	1.205974e-04	0.000000e+00	1.205974e-04
132	1.224456e-04	0.000000e+00	1.224456e-04
133	1.243062e-04	6.255363e-11	1.243062e-04
134	1.261405e-04	1.251747e-08	1.261530e-04
135	1.279960e-04	4.734583e-08	1.280434e-04
136	1.299198e-04	1.536548e-07	1.300734e-04
137	1.318920e-04	3.274402e-07	1.322195e-04
138	1.339667e-04	6.550587e-07	1.346217e-04
139	1.361913e-04	1.249789e-06	1.374411e-04
140	1.386569e-04	2.276328e-06	1.409333e-04
141	1.416367e-04	4.024382e-06	1.456611e-04
142	1.458565e-04	6.743710e-06	1.526002e-04
143	1.523162e-04	1.063362e-05	1.629498e-04
144	1.362461e-02	1.634217e-05	1.364095e-02
145	2.655496e-01	2.472996e-05	2.655743e-01
146	1.087051e+00	3.650916e-05	1.087088e+00
147	2.829891e+00	5.226415e-05	2.829944e+00
148	5.995213e+00	7.259515e-05	5.995285e+00
149	1.076816e+01	9.677827e-05	1.076825e+01
150	1.698281e+01	1.229951e-04	1.698294e+01
151	2.523823e+01	1.501237e-04	2.523838e+01
152	3.670318e+01	1.795818e-04	3.670336e+01
153	4.743572e+01	2.077108e-04	4.743592e+01
154	5.628033e+01	2.331243e-04	5.628056e+01
155	6.617220e+01	2.645006e-04	6.617247e+01
156	7.110890e+01	2.913690e-04	7.110919e+01
157	7.864112e+01	3.120844e-04	7.864144e+01
158	8.741451e+01	3.279807e-04	8.741484e+01
159	9.413605e+01	3.448685e-04	9.413639e+01
160	9.723533e+01	3.667379e-04	9.723570e+01
161	1.003305e+02	3.847344e-04	1.003309e+02
162	1.069124e+02	4.014686e-04	1.069128e+02
163	1.098461e+02	4.226339e-04	1.098465e+02
164	1.122135e+02	4.340812e-04	1.122139e+02
165	1.183576e+02	4.472080e-04	1.183581e+02
166	1.211797e+02	4.618450e-04	1.211801e+02
167	1.239198e+02	4.690495e-04	1.239203e+02
168	1.280751e+02	4.787334e-04	1.280755e+02
169	1.300981e+02	4.845383e-04	1.300986e+02
170	1.334685e+02	4.905237e-04	1.334690e+02
171	1.362369e+02	4.944941e-04	1.362374e+02
172	1.388629e+02	4.990598e-04	1.388634e+02
173	1.404947e+02	5.009157e-04	1.404952e+02
174	1.435107e+02	5.043823e-04	1.435112e+02
175	1.451653e+02	5.080726e-04	1.451658e+02
176	1.468485e+02	5.083413e-04	1.468490e+02
177	1.498326e+02	5.084103e-04	1.498331e+02
178	1.515311e+02	5.084922e-04	1.515316e+02
179	1.532384e+02	5.087194e-04	1.532390e+02
180	1.549555e+02	5.092170e-04	1.549560e+02
181	1.566822e+02	5.104975e-04	1.566827e+02
182	1.584231e+02	5.127239e-04	1.584236e+02
183	1.601707e+02	5.137289e-04	1.601712e+02
184	1.625106e+02	5.150655e-04	1.625111e+02
185	1.642913e+02	5.171892e-04	1.642918e+02
186	1.660776e+02	5.224522e-04	1.660781e+02
187	1.678694e+02	5.341583e-04	1.678700e+02
188	1.696699e+02	5.426132e-04	1.696704e+02
189	1.729914e+02	5.507132e-04	1.729920e+02
190	1.757284e+02	5.570746e-04	1.757290e+02
191	1.782301e+02	5.619331e-04	1.782307e+02
192	1.814594e+02	5.689517e-04	1.814599e+02
193	1.833742e+02	5.723369e-04	1.833748e+02
194	1.871511e+02	5.770672e-04	1.871516e+02
195	1.890856e+02	5.783930e-04	1.890862e+02
196	1.922099e+02	5.808101e-04	1.922105e+02
197	1.941762e+02	5.872320e-04	1.941768e+02
198	1.961526e+02	5.957539e-04	1.961532e+02
199	1.981737e+02	6.014901e-04	1.981743e+02
200	2.014096e+02	6.124926e-04	2.014102e+02
